%YAML:1.0
---
image_width: 2448
image_height: 2048
camera_name: leftCamera
camera_matrix: !!opencv-matrix
   rows: 3
   cols: 3
   dt: d
   data: [ 2.3460790331916696e+03, 0., 1.2921826294642854e+03, 
       0., 2.3443101949861548e+03, 9.6702404120213771e+02, 
       0., 0., 1. ]
distortion_model: plumb_bob
distortion_coefficients: !!opencv-matrix
   rows: 1
   cols: 5
   dt: d
   data: [ -9.2355327005453708e-02, 2.3974393689561554e-01,
       -5.1673687207201210e-04, 1.7156908055351438e-03,
       -3.0275988154525685e-01 ]
rectification_matrix: !!opencv-matrix
   rows: 3
   cols: 3
   dt: d
   data: [ 9.9973711764870798e-01, 6.4707133144904132e-03, -2.1996032929942868e-02, 
       -6.4973140350268067e-03, 9.9997824459413243e-01, -1.1380899646732292e-03,
       2.1988190143431501e-02, 1.2807059143779668e-03, 9.9975741021838749e-01 ]
projection_matrix: !!opencv-matrix
   rows: 3
   cols: 4
   dt: d
   data: [ 2.3521865182462388e+03, 0., 1.3683388977050781e+03, 0., 
       0., 2.3521865182462388e+03, 9.9569623565673828e+02, 0., 
       0., 0., 1., 0. ]
