%YAML:1.0
---
image_width: 2448
image_height: 2048
camera_name: rightCamera
camera_matrix: !!opencv-matrix
   rows: 3
   cols: 3
   dt: d
   data: [ 2.3610679770782899e+03, 0., 1.2396853981764496e+03, 
       0., 2.3600628415063234e+03, 1.0278961943984864e+03, 
       0., 0., 1. ]
distortion_model: plumb_bob
distortion_coefficients: !!opencv-matrix
   rows: 1
   cols: 5
   dt: d
   data: [ -9.0400734388626336e-02, 2.0529426726252878e-01,
       1.0278681042985691e-03, 7.7185684802276997e-04,
       -1.8614925408416463e-01 ]
rectification_matrix: !!opencv-matrix
   rows: 3
   cols: 3
   dt: d
   data: [ 9.9919929287638987e-01, 3.2065809681984343e-03, -3.9880959790569652e-02, 
       -3.1583338427170530e-03, 9.9999420253427440e-01, 1.2727235280011941e-03,
       3.9884809673114821e-02, -1.1457470642193396e-03, 9.9920362750592751e-01 ]
projection_matrix: !!opencv-matrix
   rows: 3
   cols: 4
   dt: d
   data: [ 2.3521865182462388e+03, 0., 1.3621063232421875e+03, -7.2878223614198919e+02, 
       0., 2.3521865182462388e+03, 9.9569623565673828e+02, 0., 
       0., 0., 1., 0. ]
